400 0.0 0.0 -55.0
401 0.0 0.0 -55.0
402 0.0 0.0 -55.0
403 0.0 0.0 -55.0
404 0.0 0.0 -55.0
405 0.0 0.0 -55.0
408 0.0 0.0 -55.0
409 0.0 0.0 -55.0
410 0.0 0.0 -55.0
411 0.0 0.0 -55.0
412 0.0 0.0 -55.0
413 0.0 0.0 -55.0
414 0.0 0.0 -55.0
415 0.0 0.0 -55.0
416 0.0 0.0 -55.0
418 0.0 0.0 -55.0
419 0.0 0.0 -55.0
420 0.0 0.0 -55.0
421 0.0 0.0 -55.0
422 0.0 0.0 -55.0
423 0.0 0.0 -55.0
424 0.0 0.0 -55.0
426 0.0 0.0 -55.0
427 0.0 0.0 -55.0
428 0.0 0.0 -55.0
429 0.0 0.0 -55.0
431 0.0 0.0 -55.0
433 0.0 0.0 -55.0
434 0.0 0.0 -55.0
436 0.0 0.0 -55.0
437 0.0 0.0 -55.0
438 0.0 0.0 -55.0
439 0.0 0.0 -55.0
440 0.0 0.0 -55.0
442 0.0 0.0 -55.0
443 0.0 0.0 -55.0
444 0.0 0.0 -55.0
445 0.0 0.0 -55.0
448 0.0 0.0 -55.0
451 0.0 0.0 -55.0
455 0.0 0.0 -55.0
456 0.0 0.0 -55.0
457 0.0 0.0 -55.0
458 0.0 0.0 -55.0
459 0.0 0.0 -55.0
461 0.0 0.0 -55.0
462 0.0 0.0 -55.0
463 0.0 0.0 -55.0
466 0.0 0.0 -55.0
467 0.0 0.0 -55.0
468 0.0 0.0 -55.0
470 0.0 0.0 -55.0
471 0.0 0.0 -55.0
474 0.0 0.0 -55.0
475 0.0 0.0 -55.0
477 0.0 0.0 -55.0
478 0.0 0.0 -55.0
479 0.0 0.0 -55.0
480 0.0 0.0 -55.0
481 0.0 0.0 -55.0
482 0.0 0.0 -55.0
483 0.0 0.0 -55.0
485 0.0 0.0 -55.0
486 0.0 0.0 -55.0
489 0.0 0.0 -55.0
490 0.0 0.0 -55.0
491 0.0 0.0 -55.0
492 0.0 0.0 -55.0
494 0.0 0.0 -55.0
495 0.0 0.0 -55.0
496 0.0 0.0 -55.0
498 0.0 0.0 -55.0
499 0.0 0.0 -55.0
500 0.0 0.0 -55.0
502 0.0 0.0 -55.0
503 0.0 0.0 -55.0
504 0.0 0.0 -55.0
505 0.0 0.0 -55.0
506 0.0 0.0 -55.0
507 0.0 0.0 -55.0
508 0.0 0.0 -55.0
509 0.0 0.0 -55.0
510 0.0 0.0 -55.0
514 0.0 0.0 -55.0
515 0.0 0.0 -55.0
516 0.0 0.0 -55.0
517 0.0 0.0 -55.0
518 0.0 0.0 -55.0
521 0.0 0.0 -55.0
522 0.0 0.0 -55.0
523 0.0 0.0 -55.0
524 0.0 0.0 -55.0
525 0.0 0.0 -55.0
526 0.0 0.0 -55.0
527 0.0 0.0 -55.0
528 0.0 0.0 -55.0
529 0.0 0.0 -55.0
530 0.0 0.0 -55.0
531 0.0 0.0 -55.0
532 0.0 0.0 -55.0
533 0.0 0.0 -55.0
534 0.0 0.0 -55.0
535 0.0 0.0 -55.0
536 0.0 0.0 -55.0
539 0.0 0.0 -55.0
540 0.0 0.0 -55.0
541 0.0 0.0 -55.0
542 0.0 0.0 -55.0
543 0.0 0.0 -55.0
544 0.0 0.0 -55.0
545 0.0 0.0 -55.0
546 0.0 0.0 -55.0
547 0.0 0.0 -55.0
549 0.0 0.0 -55.0
550 0.0 0.0 -55.0
551 0.0 0.0 -55.0
552 0.0 0.0 -55.0
554 0.0 0.0 -55.0
555 0.0 0.0 -55.0
556 0.0 0.0 -55.0
557 0.0 0.0 -55.0
558 0.0 0.0 -55.0
559 0.0 0.0 -55.0
560 0.0 0.0 -55.0
561 0.0 0.0 -55.0
562 0.0 0.0 -55.0
565 0.0 0.0 -55.0
566 0.0 0.0 -55.0
567 0.0 0.0 -55.0
568 0.0 0.0 -55.0
571 0.0 0.0 -55.0
572 0.0 0.0 -55.0
573 0.0 0.0 -55.0
574 0.0 0.0 -55.0
575 0.0 0.0 -55.0
576 0.0 0.0 -55.0
578 0.0 0.0 -55.0
579 0.0 0.0 -55.0
580 0.0 0.0 -55.0
581 0.0 0.0 -55.0
582 0.0 0.0 -55.0
583 0.0 0.0 -55.0
585 0.0 0.0 -55.0
586 0.0 0.0 -55.0
587 0.0 0.0 -55.0
588 0.0 0.0 -55.0
589 0.0 0.0 -55.0
596 0.0 0.0 -55.0
597 0.0 0.0 -55.0
598 0.0 0.0 -55.0
599 0.0 0.0 -55.0
600 0.0 0.0 -55.0
602 0.0 0.0 -55.0
603 0.0 0.0 -55.0
604 0.0 0.0 -55.0
605 0.0 0.0 -55.0
609 0.0 0.0 -55.0